   7.9802957e-01	
   2.9851186e-01	
   7.6680941e-01	
   5.1278459e-01	
   5.0558755e-01	
   3.4885895e-01	
   8.9394913e-01	
   5.2257744e-01	
   1.4189440e+04	
   5.4551026e-01	
   2.8743531e-01	
   2.2862209e-01	
   4.0070768e-01	
   7.4855469e-01	
   5.3463508e-01	
   3.6416160e-01	
   5.4056130e-01	
   2.9563056e+02	
   1.0306457e+02	
   2.6533145e+02	
   1.7373656e+02	
   1.7388418e+02	
   1.1526355e+02	
   3.3209822e+02	
   1.7579056e+02	
   6.1275329e-01	
   3.3675968e-01	
   2.3008409e-01	
   3.3605253e-01	
   7.1542189e-01	
   6.2602112e-01	
   3.7808545e-01	
   4.8121299e-01	
   4.8365588e-01	
   2.6081563e-01	
   2.4550833e-01	
   4.9826162e-01	
   7.6223880e-01	
   4.7124091e-01	
   3.7973746e-01	
   6.0875351e-01	
   2.7812716e+01	
   4.7271805e+03	
   2.7821176e+01	
   2.7598379e+01	
   1.0429805e+01	
   1.0947470e+03	
   1.2497760e+01	
   1.0700209e+01	
   2.6458676e+01	
   2.7069664e+03	
   2.1432226e+01	
   3.4092574e+01	
   1.7873818e+01	
   1.6827031e+03	
   2.2883166e+01	
   1.7375267e+01	
   1.7539060e+01	
   1.8175557e+03	
   2.3276797e+01	
   1.4977793e+01	
   3.5400599e+02	
   1.7603876e+02	
   1.2006850e+01	
   1.1396593e+03	
   1.1077041e+01	
   1.6105825e+01	
   1.3880019e+02	
   2.3226020e+02	
   3.1404826e+01	
   4.7695044e+03	
   3.5814642e+01	
   2.8283852e+01	
   5.0764284e+02	
   3.3686491e+02	
   1.8046994e+01	
   1.7874060e+03	
   1.7262280e+01	
   2.2938048e+01	
   3.3951190e+02	
   2.1477256e+02	
   6.4537407e-01	
   3.7177124e-01	
   2.3709151e-01	
   3.1382376e-01	
   6.9058469e-01	
   6.8219428e-01	
   3.9659383e-01	
   4.5980526e-01	
   5.1045372e-01	
   2.7000531e-01	
   2.3340353e-01	
   4.4301706e-01	
   7.5377211e-01	
   4.9638921e-01	
   3.6642605e-01	
   5.7146615e-01	
   5.7641077e-01	
   3.0740447e-01	
   2.2586473e-01	
   3.6247706e-01	
   7.3079610e-01	
   5.7418163e-01	
   3.6515115e-01	
   5.0622349e-01	
   4.5688583e-01	
   2.5441509e-01	
   2.6268551e-01	
   5.6078457e-01	
   7.6404688e-01	
   4.4982715e-01	
   4.0094546e-01	
   6.4258714e-01	
   8.2953701e+00	
   8.9740965e+01	
   8.1435336e+00	
   8.1098428e+00	
   1.2383733e+04	
   1.0700789e+03	
   7.4389441e+00	
   9.4534594e+01	
   7.8248012e+00	
   2.9933516e+01	
   7.3702892e+00	
   9.3789172e+01	
   7.7701133e+00	
   2.9765717e+01	
   3.1488796e+00	
   3.2737138e+01	
   3.0466288e+00	
   3.2648646e+00	
   3.9310689e+03	
   3.3013527e+02	
   3.6882570e+00	
   3.7533196e+01	
   3.4399202e+00	
   1.1988182e+01	
   3.0203114e+00	
   3.4228326e+01	
   2.9996664e+00	
   1.1084070e+01	
   7.9803211e+00	
   8.3507242e+01	
   8.6979309e+00	
   7.1030746e+00	
   5.0909421e+03	
   8.5895272e+02	
   5.5981282e+00	
   7.6142420e+01	
   6.2779716e+00	
   2.5345179e+01	
   9.7376772e+00	
   1.0358869e+02	
   9.2914857e+00	
   3.2293542e+01	
   5.4106085e+00	
   5.5783705e+01	
   5.1004336e+00	
   5.7699708e+00	
   5.0406130e+03	
   5.4196553e+02	
   6.8220012e+00	
   6.6842669e+01	
   6.2411843e+00	
   2.1250951e+01	
   4.8513743e+00	
   5.6285491e+01	
   4.9103237e+00	
   1.8429145e+01	
   5.2974754e+00	
   5.5141347e+01	
   4.7646611e+00	
   5.8037342e+00	
   5.2872981e+03	
   5.5532417e+02	
   3.5040319e+03	
   1.5475136e+03	
   6.9235889e+00	
   6.8176204e+01	
   6.3469696e+00	
   2.7415458e+01	
   2.1444312e+01	
   3.9818747e+00	
   5.1909375e+01	
   4.3146000e+00	
   1.4475849e+01	
   1.7102752e+01	
   3.7032888e+02	
   2.6671499e+02	
   1.2275658e+03	
   1.0239677e+02	
   8.9966796e+02	
   8.9589473e+01	
   1.4327414e+02	
   1.8964678e+02	
   4.6671954e+02	
   4.7386535e+01	
   5.4405879e+02	
   5.2774607e+01	
   3.6585025e+00	
   3.7222202e+01	
   3.9906110e+00	
   3.3654037e+00	
   3.6977019e+03	
   3.5893206e+02	
   1.2361378e+03	
   1.7674153e+03	
   3.0767378e+00	
   3.6442400e+01	
   3.1664529e+00	
   1.1473527e+01	
   1.2043513e+01	
   4.9699880e+00	
   4.5526853e+01	
   4.4239812e+00	
   1.9699168e+01	
   1.4572220e+01	
   1.2816452e+02	
   1.3315223e+02	
   4.0092948e+02	
   3.9626000e+01	
   3.9834979e+02	
   3.9525130e+01	
   2.7357928e+02	
   1.7159127e+02	
   7.6620088e+02	
   7.3340970e+01	
   5.4270626e+02	
   6.1080910e+01	
   9.3532176e+00	
   1.0129066e+02	
   8.7195782e+00	
   9.6951999e+00	
   8.3547482e+03	
   1.1656989e+03	
   6.7193797e+03	
   2.7781548e+03	
   9.9397722e+00	
   1.1559355e+02	
   9.8714404e+00	
   3.7960065e+01	
   3.6025992e+01	
   7.4398491e+00	
   9.9268103e+01	
   8.0396463e+00	
   2.7159120e+01	
   3.1848755e+01	
   4.1535720e+02	
   4.6375198e+02	
   1.5218325e+03	
   1.3321066e+02	
   1.6251533e+03	
   1.3566361e+02	
   2.5565601e+02	
   3.7715503e+02	
   8.3832053e+02	
   8.8250110e+01	
   1.1124417e+03	
   1.0144963e+02	
   5.4782351e+00	
   5.6315169e+01	
   5.8443155e+00	
   5.1320312e+00	
   5.4581744e+03	
   5.5281955e+02	
   3.0541563e+03	
   1.8073274e+03	
   4.8586751e+00	
   5.6138125e+01	
   4.9112824e+00	
   1.8240568e+01	
   1.8440349e+01	
   6.8631169e+00	
   6.7268222e+01	
   6.3029609e+00	
   2.7053933e+01	
   2.1399893e+01	
   3.6220915e+02	
   2.5807637e+02	
   1.1709030e+03	
   1.0185579e+02	
   8.3834617e+02	
   8.6918718e+01	
   2.0594859e+02	
   2.0541181e+02	
   6.2026340e+02	
   6.3727693e+01	
   5.9263241e+02	
   6.1830080e+01	
