   4.4737053e+00	
  -2.8009859e+02	
  -8.1001308e+01	
  -1.6051998e+01	
  -8.3643955e+01	
  -6.1219239e+02	
   7.7692060e+00	
  -3.7410408e-01	
  -1.4161575e+07	
  -2.0011938e+01	
  -1.3027356e+02	
  -3.5137368e+02	
  -3.9844630e+02	
  -1.7728840e+00	
  -1.1777571e+00	
  -5.6858896e-01	
   2.7213093e-01	
   1.6590989e+04	
  -6.6869339e+04	
  -4.6744333e+04	
   1.4725403e+03	
  -2.4040183e+04	
  -1.4895800e+05	
   1.5957373e+04	
  -2.7858458e+03	
  -9.7456780e+00	
  -1.0058621e+02	
  -2.8999063e+02	
  -4.9879591e+02	
  -2.7162856e+01	
   3.1272543e-01	
  -5.3434034e+00	
   5.1037949e-02	
  -3.9377037e+01	
  -1.7050575e+02	
  -4.2461252e+02	
  -2.3187082e+02	
   1.8501057e+00	
  -1.0663137e+01	
  -1.7579596e-01	
   1.8986569e+00	
  -9.2350369e+00	
  -2.8589029e+06	
  -6.4101845e+02	
  -1.7336502e+01	
  -8.7403210e+03	
  -4.8553803e+05	
  -6.5920283e+03	
  -1.2662292e+04	
  -3.3147122e+03	
  -2.6407686e+06	
  -1.2684114e+04	
  -1.0451444e+03	
  -3.6485635e+02	
   2.0045065e+05	
  -2.5905777e+02	
  -8.0747606e+01	
  -2.6324371e+03	
  -4.5152060e+04	
  -1.5086579e+03	
  -4.5586716e+03	
   2.5689984e+03	
  -5.6644326e+04	
  -1.8924998e+04	
  -1.0734574e+06	
  -1.6641852e+04	
  -2.0368322e+04	
  -1.4262329e+05	
  -2.2549279e+05	
   1.4662648e+02	
  -3.7803762e+06	
  -4.5616451e+02	
  -8.7638013e+01	
   1.2392252e+05	
   1.2606374e+04	
   3.5356785e+01	
   4.5914457e+05	
   2.7437702e+01	
  -9.7006834e+00	
   3.9852956e+03	
  -4.7238174e+03	
  -5.7507542e+00	
  -8.7198781e+01	
  -2.6386730e+02	
  -5.1694624e+02	
  -3.6374830e+01	
   1.7969398e-01	
  -9.0321411e+00	
  -1.2482084e-03	
  -2.8173111e+01	
  -1.4791256e+02	
  -3.8477180e+02	
  -3.1790793e+02	
   2.7716854e+00	
  -5.5503448e+00	
   1.5678247e-01	
   1.0600575e+00	
  -1.4096433e+01	
  -1.1386834e+02	
  -3.1716455e+02	
  -4.5732912e+02	
  -1.2679526e+01	
   8.4097336e-01	
  -2.4668707e+00	
  -5.8706994e-02	
  -5.1818868e+01	
  -1.9612540e+02	
  -4.6450753e+02	
  -1.4490142e+02	
   3.1171440e+00	
  -1.4191668e+01	
   4.9806322e-02	
   1.7550288e+00	
   1.7814196e+01	
   1.1075171e+03	
  -6.6694007e+01	
   2.1868399e+01	
  -8.7602285e+06	
  -6.0132485e+03	
  -2.1798728e+02	
  -1.1106527e+03	
  -1.4206663e+02	
  -3.0128267e+02	
   7.1353958e+00	
   1.4388031e+02	
   1.7203692e+01	
   6.4242238e+01	
  -2.8822918e+03	
  -2.4365886e+04	
  -3.2979853e+03	
  -2.4707351e+03	
  -1.4547138e+06	
  -1.8226316e+05	
  -1.8294285e+03	
  -2.1479974e+04	
  -2.1171419e+03	
  -8.0299208e+03	
  -4.2933813e+03	
  -3.1315685e+04	
  -3.7730488e+03	
  -1.1100654e+04	
  -9.7069572e+02	
  -1.1295951e+04	
  -5.2769896e+02	
  -1.9097185e+03	
  -4.3099177e+06	
  -2.9075175e+05	
  -4.5527204e+03	
  -2.8170845e+04	
  -3.2159771e+03	
  -7.6316166e+03	
  -1.1420685e+02	
  -4.9265577e+03	
  -3.2083643e+02	
  -1.8881024e+03	
  -1.4983293e+02	
  -4.9536641e+02	
  -1.0620082e+02	
  -1.5921608e+02	
  -2.1693178e+06	
   3.1314046e+04	
  -4.5741978e+01	
  -8.2759361e+02	
  -1.1588703e+02	
  -4.5291429e+02	
  -1.9479319e+01	
  -2.7330688e+02	
  -5.6275486e+01	
  -2.4359917e+02	
  -8.6159836e+02	
  -7.6041974e+03	
  -1.0836490e+03	
  -6.5474261e+02	
  -7.4254986e+05	
  -6.6215542e+04	
  -8.0667769e+05	
  -3.6225870e+05	
  -3.2606656e+02	
  -5.8702660e+03	
  -4.7581800e+02	
  -9.6800678e+02	
  -2.1590616e+03	
  -1.5630150e+03	
  -1.1078130e+04	
  -1.3175697e+03	
  -5.8342212e+03	
  -3.7648436e+03	
  -4.5472924e+03	
  -1.8992298e+04	
  -2.3520793e+04	
  -2.3503684e+03	
  -5.0383676e+04	
  -4.3830422e+03	
  -6.6944106e+04	
  -3.8727898e+04	
  -1.6550315e+05	
  -1.9901297e+04	
  -1.1859655e+05	
  -1.6084017e+04	
  -6.2129368e+03	
  -5.3267634e+04	
  -6.3572312e+03	
  -5.7747919e+03	
  -2.3497715e+06	
  -4.3113028e+05	
  -7.9487219e+05	
  -1.8869104e+06	
  -4.8124864e+03	
  -5.1007001e+04	
  -5.2886966e+03	
  -1.5521497e+04	
  -1.8896581e+04	
  -5.6191005e+03	
  -6.0582797e+04	
  -6.1952063e+03	
  -1.8724311e+04	
  -2.1412396e+04	
  -1.0359226e+05	
  -1.6018833e+05	
  -2.9956878e+05	
  -4.2689398e+04	
  -4.0765021e+05	
  -5.0961721e+04	
  -1.4420549e+05	
  -2.0526741e+05	
  -7.3166288e+05	
  -5.3846490e+04	
  -6.5793499e+05	
  -6.8637332e+04	
   5.8149864e+01	
   1.5957058e+03	
   1.3010177e+01	
   3.3462368e+01	
  -7.4873076e+06	
  -2.9247933e+03	
  -6.0869336e+06	
   0.0000000e+00	
   0.0000000e+00	
   0.0000000e+00	
   0.0000000e+00	
   0.0000000e+00	
   0.0000000e+00	
   0.0000000e+00	
   0.0000000e+00	
   0.0000000e+00	
   0.0000000e+00	
   0.0000000e+00	
   0.0000000e+00	
   0.0000000e+00	
   0.0000000e+00	
   0.0000000e+00	
   0.0000000e+00	
   0.0000000e+00	
   0.0000000e+00	
   0.0000000e+00	
   0.0000000e+00	
   0.0000000e+00	
   0.0000000e+00	
   0.0000000e+00	
   0.0000000e+00	
   0.0000000e+00	
   0.0000000e+00	
   0.0000000e+00	
   0.0000000e+00	
   0.0000000e+00	
   0.0000000e+00	
   0.0000000e+00	
   0.0000000e+00	
   0.0000000e+00	
   0.0000000e+00	
   0.0000000e+00	
   0.0000000e+00	
   0.0000000e+00	
   0.0000000e+00	
   0.0000000e+00	
   0.0000000e+00	
   0.0000000e+00	
   0.0000000e+00	
   0.0000000e+00	
   0.0000000e+00	
   0.0000000e+00	
   0.0000000e+00	
   0.0000000e+00	
   0.0000000e+00	
   0.0000000e+00	
   0.0000000e+00	
   0.0000000e+00	
   0.0000000e+00	
   0.0000000e+00	
