   7.6482903e+02	
   2.8913382e+02	
   7.4587460e+02	
   4.9900114e+02	
   4.9797946e+02	
   3.4219923e+02	
   8.8827649e+02	
   5.1920448e+02	
   1.2656726e+07	
   5.2945395e+02	
   2.8104909e+02	
   2.2158127e+02	
   3.9083215e+02	
   7.3389671e+02	
   5.2610139e+02	
   3.5357150e+02	
   5.2316246e+02	
   2.8189623e+05	
   9.9908429e+04	
   2.5839290e+05	
   1.6959802e+05	
   1.7197058e+05	
   1.1334728e+05	
   3.3035944e+05	
   1.7605551e+05	
   5.8994066e+02	
   3.3103207e+02	
   2.2216456e+02	
   3.2879728e+02	
   6.9642805e+02	
   6.1996261e+02	
   3.6564783e+02	
   4.7461203e+02	
   4.7418681e+02	
   2.5375193e+02	
   2.4026683e+02	
   4.8509867e+02	
   7.5518249e+02	
   4.6123897e+02	
   3.7463407e+02	
   5.8363710e+02	
   2.6631433e+04	
   4.2157584e+06	
   2.6781322e+04	
   2.6390764e+04	
   1.0099999e+04	
   1.0481569e+06	
   1.2165080e+04	
   1.0308809e+04	
   2.5732511e+04	
   2.6241562e+06	
   2.0868260e+04	
   3.3145085e+04	
   1.7393071e+04	
   1.6321977e+06	
   2.2411232e+04	
   1.6738257e+04	
   1.7289727e+04	
   1.7610580e+06	
   2.2807798e+04	
   1.4705021e+04	
   3.4567190e+05	
   1.7381638e+05	
   1.1784662e+04	
   1.1088936e+06	
   1.0838273e+04	
   1.5745260e+04	
   1.3598404e+05	
   2.2734153e+05	
   3.1220949e+04	
   4.4345685e+06	
   3.5446431e+04	
   2.7948486e+04	
   5.0484618e+05	
   3.3620521e+05	
   1.7963677e+04	
   1.7569432e+06	
   1.6999142e+04	
   2.2601817e+04	
   3.3410197e+05	
   2.1330397e+05	
   6.1996185e+02	
   3.6612475e+02	
   2.2911710e+02	
   3.0753824e+02	
   6.7163941e+02	
   6.7737941e+02	
   3.8436777e+02	
   4.5606162e+02	
   4.9803318e+02	
   2.6330510e+02	
   2.2718342e+02	
   4.3162946e+02	
   7.4285567e+02	
   4.8707447e+02	
   3.5810988e+02	
   5.4984041e+02	
   5.5687045e+02	
   3.0141212e+02	
   2.1835606e+02	
   3.5405836e+02	
   7.1350392e+02	
   5.6681237e+02	
   3.5343248e+02	
   4.9419901e+02	
   4.4939927e+02	
   2.4704132e+02	
   2.5764793e+02	
   5.4572264e+02	
   7.5910718e+02	
   4.3928243e+02	
   3.9758232e+02	
   6.1574608e+02	
   7.9511704e+03	
   8.5710389e+04	
   7.8226230e+03	
   7.7714485e+03	
   1.0842364e+07	
   1.0005497e+06	
   7.1982083e+03	
   9.0578446e+04	
   7.5375693e+03	
   2.8756934e+04	
   7.1046577e+03	
   8.9457018e+04	
   7.4519842e+03	
   2.8507959e+04	
   3.0500185e+03	
   3.1700474e+04	
   2.9444933e+03	
   3.1701193e+03	
   3.6345282e+06	
   3.1886628e+05	
   3.6003197e+03	
   3.6462271e+04	
   3.3482343e+03	
   1.1642699e+04	
   2.9222368e+03	
   3.2972485e+04	
   2.8963214e+03	
   1.0700094e+04	
   7.7625566e+03	
   8.1227366e+04	
   8.4599184e+03	
   6.9122217e+03	
   4.7996304e+06	
   8.3421814e+05	
   5.4561947e+03	
   7.4109245e+04	
   6.1128307e+03	
   2.4665833e+04	
   9.5204360e+03	
   1.0056083e+05	
   9.0477861e+03	
   3.1384028e+04	
   5.2651602e+03	
   5.4317637e+04	
   4.9440339e+03	
   5.6342919e+03	
   4.7633280e+06	
   5.2798662e+05	
   6.7010231e+03	
   6.5371760e+04	
   6.1117563e+03	
   2.0762275e+04	
   4.6995381e+03	
   5.4316726e+04	
   4.7475683e+03	
   1.7834091e+04	
   5.2172990e+03	
   5.4401005e+04	
   4.6918508e+03	
   5.7077317e+03	
   5.0703455e+06	
   5.4947380e+05	
   3.3835010e+06	
   1.5041095e+06	
   6.7407657e+03	
   6.7198080e+04	
   6.2176749e+03	
   2.6610933e+04	
   2.1123356e+04	
   3.8999047e+03	
   5.1074418e+04	
   4.2396053e+03	
   1.4146462e+04	
   1.6858570e+04	
   3.5626504e+05	
   2.6424751e+05	
   1.1750646e+06	
   9.8174856e+04	
   9.0666320e+05	
   8.8124686e+04	
   1.3969698e+05	
   1.8717352e+05	
   4.5350557e+05	
   4.6040553e+04	
   5.5131332e+05	
   5.1747538e+04	
   3.5884415e+03	
   3.6551922e+04	
   3.9104373e+03	
   3.3004521e+03	
   3.5721846e+06	
   3.5247426e+05	
   1.2035774e+06	
   1.7190271e+06	
   2.9880291e+03	
   3.5820965e+04	
   3.0968840e+03	
   1.1117814e+04	
   1.1828540e+04	
   4.8513900e+03	
   4.4595987e+04	
   4.3270041e+03	
   1.9210233e+04	
   1.4287507e+04	
   1.2385268e+05	
   1.3148019e+05	
   3.8727204e+05	
   3.7804935e+04	
   3.9878466e+05	
   3.8846833e+04	
   2.6644584e+05	
   1.6842299e+05	
   7.4500328e+05	
   7.1357496e+04	
   5.3896521e+05	
   5.9684579e+04	
   9.2934711e+03	
   1.0063100e+05	
   8.6572521e+03	
   9.6307729e+03	
   8.0753050e+06	
   1.1472925e+06	
   6.5581416e+06	
   2.7095717e+06	
   9.7721657e+03	
   1.1496722e+05	
   9.7723779e+03	
   3.7193921e+04	
   3.5857036e+04	
   7.3344471e+03	
   9.8260746e+04	
   7.9577356e+03	
   2.6701127e+04	
   3.1656961e+04	
   4.0538186e+05	
   4.6570233e+05	
   1.4777562e+06	
   1.2845088e+05	
   1.6633036e+06	
   1.3465271e+05	
   2.5140574e+05	
   3.7513395e+05	
   8.2082380e+05	
   8.6254929e+04	
   1.1445769e+06	
   9.9961699e+04	
   5.4418087e+03	
   5.6171869e+04	
   5.7949929e+03	
   5.0882968e+03	
   5.3225092e+06	
   5.5503087e+05	
   2.9832772e+06	
   1.7805087e+06	
   4.7308954e+03	
   5.5760001e+04	
   4.8391965e+03	
   1.7689104e+04	
   1.8321471e+04	
   6.6713314e+03	
   6.7005791e+04	
   6.2068055e+03	
   2.6182392e+04	
   2.1287486e+04	
   3.4893706e+05	
   2.5881307e+05	
   1.1266231e+06	
   9.6078703e+04	
   8.6010647e+05	
   8.6344099e+04	
   1.9972393e+05	
   2.0519298e+05	
   6.0209465e+05	
   6.0457507e+04	
   6.1663362e+05	
   6.1080010e+04	
